1
4
5
6
7
8
9
10
11
15
18
19
20
22
23
24
26
29
30
32
39
40
41
42
43
44
52
61
64
68
74
78
96
97
100
102
104
105
108
109
112
115
116
122
124
126
128
131
132
134
136
140
141
142
145
150
151
154
156
157
159
160
162
163
164
166
167
172
173
174
175
179
185
187
189
193
195
200
202
204
205
212
213
214
223
225
228
229
230
231
234
236
237
246
248
249
252
254
256
260
263
265
269
273
274
275
278
281
286
290
294
295
302
303
311
312
314
317
318
319
321
322
323
326
330
332
338
339
340
343
346
350
353
356
362
363
365
370
386
389
395
399
405
412
414
416
428
432
435
444
