5
6
13
14
16
21
25
27
28
29
33
34
35
36
37
45
46
51
53
54
55
56
57
58
59
60
62
63
65
70
75
76
77
79
82
83
84
85
86
87
88
89
90
91
93
94
95
97
99
101
103
106
107
113
119
123
125
127
129
130
135
137
143
144
146
147
148
152
153
165
170
171
176
178
180
184
191
197
199
201
203
206
207
209
210
219
222
224
227
232
235
240
247
250
253
255
258
262
267
270
271
272
277
287
289
292
293
298
305
307
308
316
324
331
336
337
342
345
351
358
361
367
369
374
376
379
382
384
387
388
391
392
393
398
403
409
411
415
418
419
420
424
425
427
430
431
438
440
447
449
458
463
467
468
469
473
485
486
489
490
491
495
517
519
524
529
533
554
559
560
567
570
574
578
590
592
594
595
596
599
604
613
614
616
618
619
624
626
634
641
642
657
658
663
677
678
681
688
693
701
704
724
726
727
729
730
737
748
753
754
757
768
778
782
797
798
800
